satellite-0
1 00001U 23029BR  23140.94597222  .00001103  00000-0  33518-4 0  9998
2 00001 53.00000   0.7036 0003481 299.7327   0.3331 11.33537873  1770
satellite-1
1 00002U 23029BR  23140.94597222  .00001103  00000-0  33518-4 0  9998
2 00002 53.00000   0.7036 0003481 299.7327  18.3331 11.33537873  1771
satellite-2
1 00003U 23029BR  23140.94597222  .00001103  00000-0  33518-4 0  9998
2 00003 53.00000   0.7036 0003481 299.7327  36.3331 11.33537873  1771
satellite-3
1 00004U 23029BR  23140.94597222  .00001103  00000-0  33518-4 0  9998
2 00004 53.00000   0.7036 0003481 299.7327  54.3331 11.33537873  1771
satellite-4
1 00005U 23029BR  23140.94597222  .00001103  00000-0  33518-4 0  9998
2 00005 53.00000   0.7036 0003481 299.7327  72.3331 11.33537873  1771
satellite-5
1 00006U 23029BR  23140.94597222  .00001103  00000-0  33518-4 0  9998
2 00006 53.00000   0.7036 0003481 299.7327  90.3331 11.33537873  1771
satellite-6
1 00007U 23029BR  23140.94597222  .00001103  00000-0  33518-4 0  9998
2 00007 53.00000   0.7036 0003481 299.7327 108.3331 11.33537873  1772
satellite-7
1 00008U 23029BR  23140.94597222  .00001103  00000-0  33518-4 0  9998
2 00008 53.00000   0.7036 0003481 299.7327 126.3331 11.33537873  1772
satellite-8
1 00009U 23029BR  23140.94597222  .00001103  00000-0  33518-4 0  9998
2 00009 53.00000   0.7036 0003481 299.7327 144.3331 11.33537873  1772
satellite-9
1 00010U 23029BR  23140.94597222  .00001103  00000-0  33518-4 0  9998
2 00010 53.00000   0.7036 0003481 299.7327 162.3331 11.33537873  1772
satellite-10
1 00011U 23029BR  23140.94597222  .00001103  00000-0  33518-4 0  9998
2 00011 53.00000   0.7036 0003481 299.7327 180.3331 11.33537873  1772
satellite-11
1 00012U 23029BR  23140.94597222  .00001103  00000-0  33518-4 0  9998
2 00012 53.00000   0.7036 0003481 299.7327 198.3331 11.33537873  1772
satellite-12
1 00013U 23029BR  23140.94597222  .00001103  00000-0  33518-4 0  9998
2 00013 53.00000   0.7036 0003481 299.7327 216.3331 11.33537873  1772
satellite-13
1 00014U 23029BR  23140.94597222  .00001103  00000-0  33518-4 0  9998
2 00014 53.00000   0.7036 0003481 299.7327 234.3331 11.33537873  1772
satellite-14
1 00015U 23029BR  23140.94597222  .00001103  00000-0  33518-4 0  9998
2 00015 53.00000   0.7036 0003481 299.7327 252.3331 11.33537873  1772
satellite-15
1 00016U 23029BR  23140.94597222  .00001103  00000-0  33518-4 0  9998
2 00016 53.00000   0.7036 0003481 299.7327 270.3331 11.33537873  1772
satellite-16
1 00017U 23029BR  23140.94597222  .00001103  00000-0  33518-4 0  9998
2 00017 53.00000   0.7036 0003481 299.7327 288.3331 11.33537873  1772
satellite-17
1 00018U 23029BR  23140.94597222  .00001103  00000-0  33518-4 0  9998
2 00018 53.00000   0.7036 0003481 299.7327 306.3331 11.33537873  1772
satellite-18
1 00019U 23029BR  23140.94597222  .00001103  00000-0  33518-4 0  9998
2 00019 53.00000   0.7036 0003481 299.7327 324.3331 11.33537873  1772
satellite-19
1 00020U 23029BR  23140.94597222  .00001103  00000-0  33518-4 0  9998
2 00020 53.00000   0.7036 0003481 299.7327 342.3331 11.33537873  1772
satellite-20
1 00021U 23029BR  23140.94597222  .00001103  00000-0  33518-4 0  9998
2 00021 53.00000  60.7036 0003481 299.7327   0.3331 11.33537873  1771
satellite-21
1 00022U 23029BR  23140.94597222  .00001103  00000-0  33518-4 0  9998
2 00022 53.00000  60.7036 0003481 299.7327  18.3331 11.33537873  1772
satellite-22
1 00023U 23029BR  23140.94597222  .00001103  00000-0  33518-4 0  9998
2 00023 53.00000  60.7036 0003481 299.7327  36.3331 11.33537873  1772
satellite-23
1 00024U 23029BR  23140.94597222  .00001103  00000-0  33518-4 0  9998
2 00024 53.00000  60.7036 0003481 299.7327  54.3331 11.33537873  1772
satellite-24
1 00025U 23029BR  23140.94597222  .00001103  00000-0  33518-4 0  9998
2 00025 53.00000  60.7036 0003481 299.7327  72.3331 11.33537873  1772
satellite-25
1 00026U 23029BR  23140.94597222  .00001103  00000-0  33518-4 0  9998
2 00026 53.00000  60.7036 0003481 299.7327  90.3331 11.33537873  1772
satellite-26
1 00027U 23029BR  23140.94597222  .00001103  00000-0  33518-4 0  9998
2 00027 53.00000  60.7036 0003481 299.7327 108.3331 11.33537873  1773
satellite-27
1 00028U 23029BR  23140.94597222  .00001103  00000-0  33518-4 0  9998
2 00028 53.00000  60.7036 0003481 299.7327 126.3331 11.33537873  1773
satellite-28
1 00029U 23029BR  23140.94597222  .00001103  00000-0  33518-4 0  9998
2 00029 53.00000  60.7036 0003481 299.7327 144.3331 11.33537873  1773
satellite-29
1 00030U 23029BR  23140.94597222  .00001103  00000-0  33518-4 0  9998
2 00030 53.00000  60.7036 0003481 299.7327 162.3331 11.33537873  1773
satellite-30
1 00031U 23029BR  23140.94597222  .00001103  00000-0  33518-4 0  9998
2 00031 53.00000  60.7036 0003481 299.7327 180.3331 11.33537873  1773
satellite-31
1 00032U 23029BR  23140.94597222  .00001103  00000-0  33518-4 0  9998
2 00032 53.00000  60.7036 0003481 299.7327 198.3331 11.33537873  1773
satellite-32
1 00033U 23029BR  23140.94597222  .00001103  00000-0  33518-4 0  9998
2 00033 53.00000  60.7036 0003481 299.7327 216.3331 11.33537873  1773
satellite-33
1 00034U 23029BR  23140.94597222  .00001103  00000-0  33518-4 0  9998
2 00034 53.00000  60.7036 0003481 299.7327 234.3331 11.33537873  1773
satellite-34
1 00035U 23029BR  23140.94597222  .00001103  00000-0  33518-4 0  9998
2 00035 53.00000  60.7036 0003481 299.7327 252.3331 11.33537873  1773
satellite-35
1 00036U 23029BR  23140.94597222  .00001103  00000-0  33518-4 0  9998
2 00036 53.00000  60.7036 0003481 299.7327 270.3331 11.33537873  1773
satellite-36
1 00037U 23029BR  23140.94597222  .00001103  00000-0  33518-4 0  9998
2 00037 53.00000  60.7036 0003481 299.7327 288.3331 11.33537873  1773
satellite-37
1 00038U 23029BR  23140.94597222  .00001103  00000-0  33518-4 0  9998
2 00038 53.00000  60.7036 0003481 299.7327 306.3331 11.33537873  1773
satellite-38
1 00039U 23029BR  23140.94597222  .00001103  00000-0  33518-4 0  9998
2 00039 53.00000  60.7036 0003481 299.7327 324.3331 11.33537873  1773
satellite-39
1 00040U 23029BR  23140.94597222  .00001103  00000-0  33518-4 0  9998
2 00040 53.00000  60.7036 0003481 299.7327 342.3331 11.33537873  1773
satellite-40
1 00041U 23029BR  23140.94597222  .00001103  00000-0  33518-4 0  9998
2 00041 53.00000 120.7036 0003481 299.7327   0.3331 11.33537873  1772
satellite-41
1 00042U 23029BR  23140.94597222  .00001103  00000-0  33518-4 0  9998
2 00042 53.00000 120.7036 0003481 299.7327  18.3331 11.33537873  1773
satellite-42
1 00043U 23029BR  23140.94597222  .00001103  00000-0  33518-4 0  9998
2 00043 53.00000 120.7036 0003481 299.7327  36.3331 11.33537873  1773
satellite-43
1 00044U 23029BR  23140.94597222  .00001103  00000-0  33518-4 0  9998
2 00044 53.00000 120.7036 0003481 299.7327  54.3331 11.33537873  1773
satellite-44
1 00045U 23029BR  23140.94597222  .00001103  00000-0  33518-4 0  9998
2 00045 53.00000 120.7036 0003481 299.7327  72.3331 11.33537873  1773
satellite-45
1 00046U 23029BR  23140.94597222  .00001103  00000-0  33518-4 0  9998
2 00046 53.00000 120.7036 0003481 299.7327  90.3331 11.33537873  1773
satellite-46
1 00047U 23029BR  23140.94597222  .00001103  00000-0  33518-4 0  9998
2 00047 53.00000 120.7036 0003481 299.7327 108.3331 11.33537873  1774
satellite-47
1 00048U 23029BR  23140.94597222  .00001103  00000-0  33518-4 0  9998
2 00048 53.00000 120.7036 0003481 299.7327 126.3331 11.33537873  1774
satellite-48
1 00049U 23029BR  23140.94597222  .00001103  00000-0  33518-4 0  9998
2 00049 53.00000 120.7036 0003481 299.7327 144.3331 11.33537873  1774
satellite-49
1 00050U 23029BR  23140.94597222  .00001103  00000-0  33518-4 0  9998
2 00050 53.00000 120.7036 0003481 299.7327 162.3331 11.33537873  1774
satellite-50
1 00051U 23029BR  23140.94597222  .00001103  00000-0  33518-4 0  9998
2 00051 53.00000 120.7036 0003481 299.7327 180.3331 11.33537873  1774
satellite-51
1 00052U 23029BR  23140.94597222  .00001103  00000-0  33518-4 0  9998
2 00052 53.00000 120.7036 0003481 299.7327 198.3331 11.33537873  1774
satellite-52
1 00053U 23029BR  23140.94597222  .00001103  00000-0  33518-4 0  9998
2 00053 53.00000 120.7036 0003481 299.7327 216.3331 11.33537873  1774
satellite-53
1 00054U 23029BR  23140.94597222  .00001103  00000-0  33518-4 0  9998
2 00054 53.00000 120.7036 0003481 299.7327 234.3331 11.33537873  1774
satellite-54
1 00055U 23029BR  23140.94597222  .00001103  00000-0  33518-4 0  9998
2 00055 53.00000 120.7036 0003481 299.7327 252.3331 11.33537873  1774
satellite-55
1 00056U 23029BR  23140.94597222  .00001103  00000-0  33518-4 0  9998
2 00056 53.00000 120.7036 0003481 299.7327 270.3331 11.33537873  1774
satellite-56
1 00057U 23029BR  23140.94597222  .00001103  00000-0  33518-4 0  9998
2 00057 53.00000 120.7036 0003481 299.7327 288.3331 11.33537873  1774
satellite-57
1 00058U 23029BR  23140.94597222  .00001103  00000-0  33518-4 0  9998
2 00058 53.00000 120.7036 0003481 299.7327 306.3331 11.33537873  1774
satellite-58
1 00059U 23029BR  23140.94597222  .00001103  00000-0  33518-4 0  9998
2 00059 53.00000 120.7036 0003481 299.7327 324.3331 11.33537873  1774
satellite-59
1 00060U 23029BR  23140.94597222  .00001103  00000-0  33518-4 0  9998
2 00060 53.00000 120.7036 0003481 299.7327 342.3331 11.33537873  1774
satellite-60
1 00061U 23029BR  23140.94597222  .00001103  00000-0  33518-4 0  9998
2 00061 53.00000 180.7036 0003481 299.7327   0.3331 11.33537873  1772
satellite-61
1 00062U 23029BR  23140.94597222  .00001103  00000-0  33518-4 0  9998
2 00062 53.00000 180.7036 0003481 299.7327  18.3331 11.33537873  1773
satellite-62
1 00063U 23029BR  23140.94597222  .00001103  00000-0  33518-4 0  9998
2 00063 53.00000 180.7036 0003481 299.7327  36.3331 11.33537873  1773
satellite-63
1 00064U 23029BR  23140.94597222  .00001103  00000-0  33518-4 0  9998
2 00064 53.00000 180.7036 0003481 299.7327  54.3331 11.33537873  1773
satellite-64
1 00065U 23029BR  23140.94597222  .00001103  00000-0  33518-4 0  9998
2 00065 53.00000 180.7036 0003481 299.7327  72.3331 11.33537873  1773
satellite-65
1 00066U 23029BR  23140.94597222  .00001103  00000-0  33518-4 0  9998
2 00066 53.00000 180.7036 0003481 299.7327  90.3331 11.33537873  1773
satellite-66
1 00067U 23029BR  23140.94597222  .00001103  00000-0  33518-4 0  9998
2 00067 53.00000 180.7036 0003481 299.7327 108.3331 11.33537873  1774
satellite-67
1 00068U 23029BR  23140.94597222  .00001103  00000-0  33518-4 0  9998
2 00068 53.00000 180.7036 0003481 299.7327 126.3331 11.33537873  1774
satellite-68
1 00069U 23029BR  23140.94597222  .00001103  00000-0  33518-4 0  9998
2 00069 53.00000 180.7036 0003481 299.7327 144.3331 11.33537873  1774
satellite-69
1 00070U 23029BR  23140.94597222  .00001103  00000-0  33518-4 0  9998
2 00070 53.00000 180.7036 0003481 299.7327 162.3331 11.33537873  1774
satellite-70
1 00071U 23029BR  23140.94597222  .00001103  00000-0  33518-4 0  9998
2 00071 53.00000 180.7036 0003481 299.7327 180.3331 11.33537873  1774
satellite-71
1 00072U 23029BR  23140.94597222  .00001103  00000-0  33518-4 0  9998
2 00072 53.00000 180.7036 0003481 299.7327 198.3331 11.33537873  1774
satellite-72
1 00073U 23029BR  23140.94597222  .00001103  00000-0  33518-4 0  9998
2 00073 53.00000 180.7036 0003481 299.7327 216.3331 11.33537873  1774
satellite-73
1 00074U 23029BR  23140.94597222  .00001103  00000-0  33518-4 0  9998
2 00074 53.00000 180.7036 0003481 299.7327 234.3331 11.33537873  1774
satellite-74
1 00075U 23029BR  23140.94597222  .00001103  00000-0  33518-4 0  9998
2 00075 53.00000 180.7036 0003481 299.7327 252.3331 11.33537873  1774
satellite-75
1 00076U 23029BR  23140.94597222  .00001103  00000-0  33518-4 0  9998
2 00076 53.00000 180.7036 0003481 299.7327 270.3331 11.33537873  1774
satellite-76
1 00077U 23029BR  23140.94597222  .00001103  00000-0  33518-4 0  9998
2 00077 53.00000 180.7036 0003481 299.7327 288.3331 11.33537873  1774
satellite-77
1 00078U 23029BR  23140.94597222  .00001103  00000-0  33518-4 0  9998
2 00078 53.00000 180.7036 0003481 299.7327 306.3331 11.33537873  1774
satellite-78
1 00079U 23029BR  23140.94597222  .00001103  00000-0  33518-4 0  9998
2 00079 53.00000 180.7036 0003481 299.7327 324.3331 11.33537873  1774
satellite-79
1 00080U 23029BR  23140.94597222  .00001103  00000-0  33518-4 0  9998
2 00080 53.00000 180.7036 0003481 299.7327 342.3331 11.33537873  1774
satellite-80
1 00081U 23029BR  23140.94597222  .00001103  00000-0  33518-4 0  9998
2 00081 53.00000 240.7036 0003481 299.7327   0.3331 11.33537873  1772
satellite-81
1 00082U 23029BR  23140.94597222  .00001103  00000-0  33518-4 0  9998
2 00082 53.00000 240.7036 0003481 299.7327  18.3331 11.33537873  1773
satellite-82
1 00083U 23029BR  23140.94597222  .00001103  00000-0  33518-4 0  9998
2 00083 53.00000 240.7036 0003481 299.7327  36.3331 11.33537873  1773
satellite-83
1 00084U 23029BR  23140.94597222  .00001103  00000-0  33518-4 0  9998
2 00084 53.00000 240.7036 0003481 299.7327  54.3331 11.33537873  1773
satellite-84
1 00085U 23029BR  23140.94597222  .00001103  00000-0  33518-4 0  9998
2 00085 53.00000 240.7036 0003481 299.7327  72.3331 11.33537873  1773
satellite-85
1 00086U 23029BR  23140.94597222  .00001103  00000-0  33518-4 0  9998
2 00086 53.00000 240.7036 0003481 299.7327  90.3331 11.33537873  1773
satellite-86
1 00087U 23029BR  23140.94597222  .00001103  00000-0  33518-4 0  9998
2 00087 53.00000 240.7036 0003481 299.7327 108.3331 11.33537873  1774
satellite-87
1 00088U 23029BR  23140.94597222  .00001103  00000-0  33518-4 0  9998
2 00088 53.00000 240.7036 0003481 299.7327 126.3331 11.33537873  1774
satellite-88
1 00089U 23029BR  23140.94597222  .00001103  00000-0  33518-4 0  9998
2 00089 53.00000 240.7036 0003481 299.7327 144.3331 11.33537873  1774
satellite-89
1 00090U 23029BR  23140.94597222  .00001103  00000-0  33518-4 0  9998
2 00090 53.00000 240.7036 0003481 299.7327 162.3331 11.33537873  1774
satellite-90
1 00091U 23029BR  23140.94597222  .00001103  00000-0  33518-4 0  9998
2 00091 53.00000 240.7036 0003481 299.7327 180.3331 11.33537873  1774
satellite-91
1 00092U 23029BR  23140.94597222  .00001103  00000-0  33518-4 0  9998
2 00092 53.00000 240.7036 0003481 299.7327 198.3331 11.33537873  1774
satellite-92
1 00093U 23029BR  23140.94597222  .00001103  00000-0  33518-4 0  9998
2 00093 53.00000 240.7036 0003481 299.7327 216.3331 11.33537873  1774
satellite-93
1 00094U 23029BR  23140.94597222  .00001103  00000-0  33518-4 0  9998
2 00094 53.00000 240.7036 0003481 299.7327 234.3331 11.33537873  1774
satellite-94
1 00095U 23029BR  23140.94597222  .00001103  00000-0  33518-4 0  9998
2 00095 53.00000 240.7036 0003481 299.7327 252.3331 11.33537873  1774
satellite-95
1 00096U 23029BR  23140.94597222  .00001103  00000-0  33518-4 0  9998
2 00096 53.00000 240.7036 0003481 299.7327 270.3331 11.33537873  1774
satellite-96
1 00097U 23029BR  23140.94597222  .00001103  00000-0  33518-4 0  9998
2 00097 53.00000 240.7036 0003481 299.7327 288.3331 11.33537873  1774
satellite-97
1 00098U 23029BR  23140.94597222  .00001103  00000-0  33518-4 0  9998
2 00098 53.00000 240.7036 0003481 299.7327 306.3331 11.33537873  1774
satellite-98
1 00099U 23029BR  23140.94597222  .00001103  00000-0  33518-4 0  9998
2 00099 53.00000 240.7036 0003481 299.7327 324.3331 11.33537873  1774
satellite-99
1 00100U 23029BR  23140.94597222  .00001103  00000-0  33518-4 0  9998
2 00100 53.00000 240.7036 0003481 299.7327 342.3331 11.33537873  1774
satellite-100
1 00101U 23029BR  23140.94597222  .00001103  00000-0  33518-4 0  9998
2 00101 53.00000 300.7036 0003481 299.7327   0.3331 11.33537873  1772
satellite-101
1 00102U 23029BR  23140.94597222  .00001103  00000-0  33518-4 0  9998
2 00102 53.00000 300.7036 0003481 299.7327  18.3331 11.33537873  1773
satellite-102
1 00103U 23029BR  23140.94597222  .00001103  00000-0  33518-4 0  9998
2 00103 53.00000 300.7036 0003481 299.7327  36.3331 11.33537873  1773
satellite-103
1 00104U 23029BR  23140.94597222  .00001103  00000-0  33518-4 0  9998
2 00104 53.00000 300.7036 0003481 299.7327  54.3331 11.33537873  1773
satellite-104
1 00105U 23029BR  23140.94597222  .00001103  00000-0  33518-4 0  9998
2 00105 53.00000 300.7036 0003481 299.7327  72.3331 11.33537873  1773
satellite-105
1 00106U 23029BR  23140.94597222  .00001103  00000-0  33518-4 0  9998
2 00106 53.00000 300.7036 0003481 299.7327  90.3331 11.33537873  1773
satellite-106
1 00107U 23029BR  23140.94597222  .00001103  00000-0  33518-4 0  9998
2 00107 53.00000 300.7036 0003481 299.7327 108.3331 11.33537873  1774
satellite-107
1 00108U 23029BR  23140.94597222  .00001103  00000-0  33518-4 0  9998
2 00108 53.00000 300.7036 0003481 299.7327 126.3331 11.33537873  1774
satellite-108
1 00109U 23029BR  23140.94597222  .00001103  00000-0  33518-4 0  9998
2 00109 53.00000 300.7036 0003481 299.7327 144.3331 11.33537873  1774
satellite-109
1 00110U 23029BR  23140.94597222  .00001103  00000-0  33518-4 0  9998
2 00110 53.00000 300.7036 0003481 299.7327 162.3331 11.33537873  1774
satellite-110
1 00111U 23029BR  23140.94597222  .00001103  00000-0  33518-4 0  9998
2 00111 53.00000 300.7036 0003481 299.7327 180.3331 11.33537873  1774
satellite-111
1 00112U 23029BR  23140.94597222  .00001103  00000-0  33518-4 0  9998
2 00112 53.00000 300.7036 0003481 299.7327 198.3331 11.33537873  1774
satellite-112
1 00113U 23029BR  23140.94597222  .00001103  00000-0  33518-4 0  9998
2 00113 53.00000 300.7036 0003481 299.7327 216.3331 11.33537873  1774
satellite-113
1 00114U 23029BR  23140.94597222  .00001103  00000-0  33518-4 0  9998
2 00114 53.00000 300.7036 0003481 299.7327 234.3331 11.33537873  1774
satellite-114
1 00115U 23029BR  23140.94597222  .00001103  00000-0  33518-4 0  9998
2 00115 53.00000 300.7036 0003481 299.7327 252.3331 11.33537873  1774
satellite-115
1 00116U 23029BR  23140.94597222  .00001103  00000-0  33518-4 0  9998
2 00116 53.00000 300.7036 0003481 299.7327 270.3331 11.33537873  1774
satellite-116
1 00117U 23029BR  23140.94597222  .00001103  00000-0  33518-4 0  9998
2 00117 53.00000 300.7036 0003481 299.7327 288.3331 11.33537873  1774
satellite-117
1 00118U 23029BR  23140.94597222  .00001103  00000-0  33518-4 0  9998
2 00118 53.00000 300.7036 0003481 299.7327 306.3331 11.33537873  1774
satellite-118
1 00119U 23029BR  23140.94597222  .00001103  00000-0  33518-4 0  9998
2 00119 53.00000 300.7036 0003481 299.7327 324.3331 11.33537873  1774
satellite-119
1 00120U 23029BR  23140.94597222  .00001103  00000-0  33518-4 0  9998
2 00120 53.00000 300.7036 0003481 299.7327 342.3331 11.33537873  1774